+------------+--------+---------+
| total_rows | min_id | max_id  |
+------------+--------+---------+
|    3000000 |      1 | 3000000 |
+------------+--------+---------+
+-------+------------+---------+---------+----------+---------+
| state | event_type | deleted | n       | first_id | last_id |
+-------+------------+---------+---------+----------+---------+
|     0 | NOTIFY     |       0 |    9711 |  2850030 | 2999994 |
|     0 | NOTIFY     |       1 |     184 |  2850426 | 2999976 |
|     0 | PAY        |       0 |   19726 |  2850003 | 2999997 |
|     0 | PAY        |       1 |     417 |  2850363 | 2999754 |
|     0 | REFUND     |       0 |    4815 |  2850006 | 2999988 |
|     0 | REFUND     |       1 |     220 |  2853084 | 3000000 |
|     0 | SHIP       |       0 |   14744 |  2850012 | 2999979 |
|     0 | SHIP       |       1 |     183 |  2850108 | 2999247 |
|     2 | NOTIFY     |       0 |  578048 |        4 | 2999983 |
|     2 | NOTIFY     |       1 |   11778 |      182 | 2999128 |
|     2 | PAY        |       0 | 1156621 |        1 | 2999999 |
|     2 | PAY        |       1 |   23730 |      266 | 2999794 |
|     2 | REFUND     |       0 |  286332 |       16 | 2999974 |
|     2 | REFUND     |       1 |    8239 |      162 | 2999851 |
|     2 | SHIP       |       0 |  869731 |        2 | 2999992 |
|     2 | SHIP       |       1 |   15521 |      748 | 2999768 |
+-------+------------+---------+---------+----------+---------+
+-------------+-----------------+
| target_rows | first_target_id |
+-------------+-----------------+
|       24541 |         2850003 |
+-------------+-----------------+
