2850003
2850006
2850009
2850015
2850018
2850024
2850027
2850033
2850039
2850042
2850045
2850048
2850051
2850054
2850060
2850063
2850066
2850072
2850081
2850090
2850093
2850096
2850099
2850105
2850111
2850114
2850117
2850144
2850150
2850162
2850165
2850168
2850171
2850174
2850180
2850186
2850192
2850195
2850201
2850204
2850210
2850219
2850228
2850231
2850237
2850243
2850246
2850252
2850255
2850267
2850279
2850282
2850285
2850291
2850294
2850300
2850309
2850315
2850318
2850333
2850342
2850348
2850369
2850375
2850381
2850384
2850387
2850396
2850405
2850411
2850417
2850423
2850441
2850444
2850447
2850450
2850456
2850459
2850474
2850480
2850486
2850489
2850501
2850507
2850516
2850534
2850543
2850546
2850552
2850555
2850561
2850567
2850582
2850594
2850600
2850603
2850606
2850612
2850615
2850621
