2850003
2850009
2850015
2850018
2850033
2850039
2850042
2850048
2850051
2850054
2850060
2850063
2850066
2850072
2850081
2850090
2850093
2850096
2850099
2850105
2850111
2850117
2850144
2850150
2850165
2850168
2850171
2850186
2850192
2850195
2850201
2850204
2850219
2850228
2850237
2850243
2850246
2850255
2850279
2850282
2850294
2850300
2850315
2850318
2850333
2850342
2850348
2850369
2850384
2850387
2850417
2850423
2850441
2850447
2850450
2850456
2850459
2850474
2850480
2850486
2850489
2850507
2850516
2850543
2850546
2850552
2850555
2850561
2850567
2850600
2850603
2850606
2850615
2850621
2850627
2850645
2850648
2850651
2850654
2850663
2850666
2850675
2850678
2850687
2850690
2850696
2850699
2850708
2850711
2850723
2850741
2850750
2850753
2850756
2850759
2850768
2850771
2850783
2850792
2850801
